Region 2x2:
0.014
0.0342
0.0142
0.0143
0.0156
0.0133
0.0145
0.0137
0.0143
0.0133
0.0141
0.0143
0.0141
0.0146
0.0146
0.0136
0.014
0.0145
0.0146
0.0137

Region 30x30:
0.0145
0.0144
0.0151
0.0154
0.0147
0.0142
0.0146
0.0148
0.0145
0.0145
0.0147
0.0149
0.0143
0.0149
0.015
0.0145
0.0145
0.0144
0.0146
0.0147

Region 50x50:
0.0154
0.0151
0.0157
0.015
0.0152
0.0144
0.0153
0.0154
0.0151
0.0148
0.0146
0.0148
0.0139
0.0149
0.0153
0.0152
0.0164
0.0151
0.0139
0.0151

Region 100x100:
0.0173
0.0154
0.0163
0.0168
0.0167
0.017
0.0168
0.0159
0.0168
0.0161
0.0161
0.0155
0.0162
0.016
0.0162
0.0158
0.0163
0.0157
0.0175
0.0161

Region 180x180:
0.0153
0.0156
0.0158
0.016
0.0159
0.0156
0.0158
0.0159
0.0164
0.0161
0.0223
0.0161
0.0165
0.0193
0.0165
0.0161
0.016
0.0162
0.016
0.015