Region 2x2:
2119.8
2082.7
2207.55
2081.67
1994.31
2067.44
2064.9
2025.5
2064.68
2185.43
2129.31
2050.71
2110.28
2012.51
2096.95
1962.92
2103.35
2077.51
2060.81
2046.97

Region 30x30:
2991.29
2986.22
2953.04
2962.9
3193.85
3076.26
3146.25
2950.05
2954.31
3286.7
3502.88
3413.32
2968.37
3182.39
3033.3
3012.3
3021.31
2943.78
3165.82
3068.98

Region 50x50:
3185.58
3209.84
3033.53
3183.86
3160.04
3118.5
2989.93
3054.17
3210.24
3075.89
3158.18
3265.8
3065.28
3301.88
3037.78
3151.08
3151.15
3176.96
3098.64
3115.62

Region 100x100:
2575.73
2591.83
2659.47
2635.66
2744.73
2729.6
2711.06
2746.74
2596.57
2660.37
2626.85
2554.09
2777.95
2598.83
2579.57
2734.56
2760.16
2851.85
2811.09
2737.87

Region 180x180:
2138.26
2204.42
2205
2213.45
2147.09
2230.34
2096.13
2086.84
2228.37
2044.08
2102.02
2167.96
2216.52
2159.38
2140.25
2150.81
2236.53
2257.68
2242.33
2244.05

