Region 2x2:
22358.9
22349
22225.2
22300.7
22290.1
22241.3
22600
22796.3
22711.7
22383.2
22248.8
22232.8
22289.2
22276.4
22285.9
22207.2
22244
22303.1
22422.5
23819.3

Region 30x30:
33759.4
33012.2
41061.6
38108.3
34691.2
33660.6
39470.6
37319.6
42878.3
39117.8
37382.3
38012.8
38367.7
40051.3
79818.2
47552.4
39862.9
38935.5
36735.8
36413.7

Region 50x50:
38393.4
38295.3
37539.8
37090
38170.1
38890.6
36317.9
35502.9
35216.3
40389.1
39162.7
39348.6
40138.5
39886
39008.9
38892.2
38162.6
38225
39238.2
40015.1

Region 100x100:
32823.3
32159.8
31658.5
31723.4
31828.8
31993.9
32197.7
32006.5
36538.5
33247.9
29886.9
30761.9
30020.5
29985.4
29002.6
29836.3
30075.8
32434.2
33203.3
32358.1

Region 180x180:
25611.2
25474.7
23666.3
23409.9
24209.3
23236.6
24115.3
23587.6
23651.8
23894.4
24115.7
24138.5
23181.1
24245.3
22249.6
21049.5
21063.7
20930.8
20986.6
20956.1

