Region 2x2:
96947.8
98349.4
93538.9
91517.1
91794.4
91967.3
91676.1
91731.4
92001.7
91375.4
91385.7
91549.5
91266.7
91449.2
91440.8
91445.2
91252.1
91391.7
91363.5
91453.6

Region 30x30:
133010
134687
138755
132808
133112
132785
133224
132766
133098
133619
132920
133073
132593
132861
132709
132998
133272
132765
133268
132844

Region 50x50:
134802
134549
134244
134423
134347
134455
134242
134155
134338
133999
134235
134491
134514
134108
134857
134441
135475
135118
134481
134189

Region 100x100:
107469
106710
107070
106645
106955
106591
107027
106749
106577
106642
106783
106758
106722
106677
106667
106652
106727
106541
106634
106586

Region 180x180:
84669.3
85062.8
84904.6
84887.6
86658.1
85543.6
85822.5
85520.7
85969.8
85859.4
85563
85781.7
85343
85585.8
85696.3
85522.9
85442.6
85391.7
85160.7
84701.3

