Region 2x2:
914.36
921.195
897.247
895.566
892.625
892.673
896.816
891.149
910.137
901.9
898.49
895.221
891.019
895.155
894.99
895.021
898.76
898.36
902.994
894.25

Region 30x30:
1247.67
1258.63
1248.21
1262.57
1251.52
1274.36
1262
1268.57
1274.21
1277.82
1258.55
1256
1252.46
1251.43
1260.88
1262.06
1250.74
1250.13
1247.6
1259.44

Region 50x50:
1275.08
1261.97
1262.52
1269.2
1296.83
1293.28
1271.98
1266.06
1275.21
1265.97
1275.64
1272.9
1270.89
1270.04
1269.2
1270.08
1276.22
1265.25
1266.48
1273.45

Region 100x100:
1025.14
1025.08
1032.75
1026.12
1025.4
1026.25
1028.77
1019.78
1030.12
1036.52
1025.56
1022.16
1028
1026.43
1022.46
1037.91
1032.67
1030.23
1025.43
1026.4

Region 180x180:
833.027
841.574
832.308
831.064
839.18
837.361
833.688
831.058
866.808
847.795
844.248
833.466
825.318
823.881
819.091
820.31
822.975
815.96
815.484
827.363

