Region 2x2:
55370.9
54550.7
56681.2
56174.6
54415.5
52842.6
53342.5
52657.7
52363.8
54579.1
54574.5
54120.3
53908.6
53890.1
54768.5
54628.9
53317.6
54627.7
54011
53592.5

Region 30x30:
236259
73761.1
79316.6
77967.5
80192.6
83156.1
78540.4
77241
77994.8
78948.3
77758.7
77706.7
78434.2
78701.5
79388.8
79794.6
79339.4
78560.7
78170.8
77325.1

Region 50x50:
79556.9
80215.5
79285.8
78774.1
78902.2
78037.9
78190.5
79171.2
81053.9
80180.6
80101.7
79142
80711.7
79261.1
78781.4
80875.5
81139.6
80923.2
81456.5
81278.7

Region 100x100:
67339.2
66933.7
65717.2
66349.6
65826.4
104269
57064.8
65383.2
66745.4
65071.2
65028
64067.6
65924.2
66052.6
68528.5
66671
67011.1
66574.9
66517.3
66398.4

Region 180x180:
53007.7
52435.6
52630.6
52522.7
52961.2
472283
46564.2
51047
52863.1
52483.7
52159.2
52737.5
53286.8
52846.2
53758.6
52788
53165.3
52513.9
50716.8
50995.2

