Region 2x2:
0.0099
0.0175
0.0146
0.0093
0.0141
0.0546
0.0141
0.0161
0.0151
0.0153
0.0137
0.019
0.0343
0.049
0.0149
0.0143
0.0758
0.0985
0.0793
0.0143

Region 30x30:
0.014
0.0144
0.015
0.0152
0.0137
0.0145
0.0139
0.0136
0.0159
0.0149
0.0142
0.0135
0.0151
0.0142
0.0141
0.0136
0.0204
0.013
0.0897
0.0091

Region 50x50:
0.0095
0.0095
0.009
0.0087
0.0088
0.0087
0.0148
0.0172
0.0161
0.0155
0.0151
0.0175
0.0155
0.0184
0.0095
0.0175
0.0087
0.0089
0.0086
0.0148

Region 100x100:
0.0164
0.0167
0.0113
0.01
0.0101
0.0103
0.0104
0.0157
0.016
0.0164
0.0189
0.0165
0.0175
0.0164
0.0171
0.0111
0.0103
0.0109
0.0102
0.0167

Region 180x180:
0.016
0.0154
0.016
0.0156
0.0173
0.0889
0.0162
0.0998
0.016
0.0226
0.0157
0.0483
0.1006
0.0169
0.0164
0.0186
0.0153
0.0174
0.0105
0.0098

